Country Name;Country Code;Indicator Name;Indicator Code;1960;1961;1962;1963;1964;1965;1966;1967;1968;1969;1970;1971;1972;1973;1974;1975;1976;1977;1978;1979;1980;1981;1982;1983;1984;1985;1986;1987;1988;1989;1990;1991;1992;1993;1994;1995;1996;1997;1998;1999;2000;2001;2002;2003;2004;2005;2006;2007;2008;2009;2010;2011;2012;2013;2014;2015;2016;2017;2018;2019;2020;
New+A2:AZ2 Zealand;NZL;inflation;;;;;;;;;;;;;;;;;;;;;;;;;;;;13,22;15,76;6,35;5,69;6,06;2,65;100%;1,32;1,71;3,75;2,31;1,17;1,26;-0,11;2,61;2,65;2,65;1,73;2,31;3,04;3,36;2,39;3,93;2,16;2,26;4,08;1,03;1,13;1,22;0,29;0,65;1,85;1,6;1,62;1,72;
;;;;;;;;;;;;;;;;;;;;;;;;;;;;;;;;;;;;;;;;;;;;;;;;;;;;;;;;;;;;;;;;;
New Zealand;NZL;Real interest rate (%);FR.INR.RINR;;;;;;;;;;;;;;;;;;;;;;;;;;;;;;;;;;;;;;;7,794283211;6,503803567;4,827116753;3,64817124;6,817116883;4,649236419;4,166390954;5,615728395;5,340128771;3,11581412;6,235817802;3,952050905;3,02940465;3,611953577;6,086054144;1,24302337;5,349165595;4,299215145;2,478661338;1,077193835;-0,793952043;;;
;;;;;;;;;;;;;;;;;;;;;;;;;;;;;;;;;;;;;;;;;;;;;;;;;;;;;;;;;;;;;;;;;
New Zealand;NZL;Unemployment, total (% of total labor force) (modeled ILO estimate);SL.UEM.TOTL.ZS;;;;;;;;;;;;;;;;;;;;;;;;;;;;;;;;10,60999966;10,67000008;9,800000191;8,350000381;6,460000038;6,289999962;6,860000134;7,71999979;7,019999981;6,130000114;5,429999828;5,28000021;4,75;4,010000229;3,809999943;3,859999895;3,660000086;4,170000076;6,119999886;6,559999943;6,489999771;6,929999828;5,769999981;5,369999886;5,349999905;5,079999924;4,699999809;4,300000191;4,070000172;4,550000191;
;;;;;;;;;;;;;;;;;;;;;;;;;;;;;;;;;;;;;;;;;;;;;;;;;;;;;;;;;;;;;;;;;
New Zealand;NZL;GDP per capita (current US$);NY.GDP.PCAP.CD;2312,949992;2343,292213;2448,628633;2622,220271;2813,546976;2151,294927;2191,312542;2188,399139;1885,156152;2077,895543;2356,540303;2772,918597;3294,648943;4323,196535;4610,570426;4171,76974;4373,840998;4950,588205;5936,98526;6668,138666;7467,168038;7813,887543;7656,475732;7598,312039;6713,760131;7600,565242;9427,55394;12330,91683;13759,15563;13312,38559;13663,02162;12230,07345;11793,13924;13094,34545;15280,31278;17400,42018;18794,43604;17474,18703;14738,44557;15322,22383;13641,10272;13882,85683;16874,18749;21913,70817;25420,23488;27751,06547;26671,32942;32511,12666;31290,25372;28205,73284;33700,12604;38437,54316;39982,7543;42962,98821;44486,20321;38501,22122;39927,80483;42674,062;42427,58315;41557,80241;;
;;;;;;;;;;;;;;;;;;;;;;;;;;;;;;;;;;;;;;;;;;;;;;;;;;;;;;;;;;;;;;;;;
New Zealand;NZL;GDP Growth %;;0;0,013118408;0,044952319;0,070893412;0,072963628;-0,235379773;0,018601641;-0,001329524;-0,138568409;0,102240544;0,134099503;0,176690504;0,18815206;0,31218731;0,066472549;-0,095172754;0,048437778;0,131862866;0,199248456;0,123152303;0,119827948;0,04643253;-0,020145134;-0,007596667;-0,116414265;0,132087697;0,240375372;0,307965662;0,11582584;-0,032470746;0,026339083;-0,104877838;-0,035726213;0,110335864;0,166939794;0,138747644;0,080113919;-0,070246801;-0,156559012;0,039609215;-0,109717828;0,017722475;0,215469388;0,298652642;0,160015214;0,091691937;-0,038907913;0,218954112;-0,037552465;-0,098577688;0,194797037;0,14057565;0,04020057;0,074537984;0,035454121;-0,134535689;0,037052945;0,06878057;-0,005775847;-0,02050036;-1;
;;;;;;;;;;;;;;;;;;;;;;;;;;;;;;;;;;;;;;;;;;;;;;;;;;;;;;;;;;;;;;;;;
HAMI INDEX;;;;0;-0,013118408;-0,044952319;-0,070893412;-0,072963628;0,235379773;-0,018601641;0,001329524;0,138568409;-0,102240544;-0,134099503;-0,176690504;-0,18815206;-0,31218731;-0,066472549;0,095172754;-0,048437778;-0,131862866;-0,199248456;-0,123152303;-0,119827948;-0,04643253;0,020145134;0,007596667;0,116414265;-0,132087697;12,97962463;15,45203434;6,23417416;5,722470746;6,033660917;13,36487749;11,70572629;11,00966433;9,893060587;10,07125239;8,519886043;8,100246935;16,93084201;13,37419433;13,6768347;11,71044859;14,53164771;10,83058378;10,32637597;12,3740364;12,59903658;8,946860093;14,37337034;12,33062848;11,65460755;14,0413777;14,0058534;8,068485367;11,90371136;10,07375074;8,171608317;7,558413074;5,111823995;5,710500532;7,270000191;
